x t u err
0.000000 0.000000 0.00000000 0.00000000
0.100000 0.000000 0.30901699 0.00000000
0.200000 0.000000 0.58778525 0.00000000
0.300000 0.000000 0.80901699 0.00000000
0.400000 0.000000 0.95105652 0.00000000
0.500000 0.000000 1.00000000 0.00000000
0.600000 0.000000 0.95105652 0.00000000
0.700000 0.000000 0.80901699 0.00000000
0.800000 0.000000 0.58778525 0.00000000
0.900000 0.000000 0.30901699 0.00000000
1.000000 0.000000 0.00000000 0.00000000
0.000000 0.005000 0.00000000 0.00000000
0.100000 0.005000 0.29389263 -0.00024514
0.200000 0.005000 0.55901699 -0.00046628
0.300000 0.005000 0.76942088 -0.00064179
0.400000 0.005000 0.90450850 -0.00075446
0.500000 0.005000 0.95105652 -0.00079329
0.600000 0.005000 0.90450850 -0.00075446
0.700000 0.005000 0.76942088 -0.00064179
0.800000 0.005000 0.55901699 -0.00046628
0.900000 0.005000 0.29389263 -0.00024514
1.000000 0.005000 0.00000000 -0.00000000
0.000000 0.010000 0.00000000 0.00000000
0.100000 0.010000 0.27950850 -0.00046648
0.200000 0.010000 0.53165676 -0.00088730
0.300000 0.010000 0.73176275 -0.00122126
0.400000 0.010000 0.86023870 -0.00143568
0.500000 0.010000 0.90450850 -0.00150956
0.600000 0.010000 0.86023870 -0.00143568
0.700000 0.010000 0.73176275 -0.00122126
0.800000 0.010000 0.53165676 -0.00088730
0.900000 0.010000 0.27950850 -0.00046648
1.000000 0.010000 0.00000000 -0.00000000
0.000000 0.015000 0.00000000 0.00000000
0.100000 0.015000 0.26582838 -0.00066575
0.200000 0.015000 0.50563562 -0.00126633
0.300000 0.015000 0.69594773 -0.00174296
0.400000 0.015000 0.81813562 -0.00204897
0.500000 0.015000 0.86023870 -0.00215441
0.600000 0.015000 0.81813562 -0.00204897
0.700000 0.015000 0.69594773 -0.00174296
0.800000 0.015000 0.50563562 -0.00126633
0.900000 0.015000 0.26582838 -0.00066575
1.000000 0.015000 0.00000000 -0.00000000
0.000000 0.020000 0.00000000 0.00000000
0.100000 0.020000 0.25281781 -0.00084457
0.200000 0.020000 0.48088805 -0.00160647
0.300000 0.020000 0.66188562 -0.00221112
0.400000 0.020000 0.77809321 -0.00259933
0.500000 0.020000 0.81813562 -0.00273310
0.600000 0.020000 0.77809321 -0.00259933
0.700000 0.020000 0.66188562 -0.00221112
0.800000 0.020000 0.48088805 -0.00160647
0.900000 0.020000 0.25281781 -0.00084457
1.000000 0.020000 0.00000000 -0.00000000
0.000000 0.025000 0.00000000 0.00000000
0.100000 0.025000 0.24044403 -0.00100446
0.200000 0.025000 0.45735172 -0.00191061
0.300000 0.025000 0.62949063 -0.00262972
0.400000 0.025000 0.74001062 -0.00309142
0.500000 0.025000 0.77809321 -0.00325052
0.600000 0.025000 0.74001062 -0.00309142
0.700000 0.025000 0.62949063 -0.00262972
0.800000 0.025000 0.45735172 -0.00191061
0.900000 0.025000 0.24044403 -0.00100446
1.000000 0.025000 0.00000000 -0.00000000
0.000000 0.030000 0.00000000 0.00000000
0.100000 0.030000 0.22867586 -0.00114684
0.200000 0.030000 0.43496733 -0.00218142
0.300000 0.030000 0.59868117 -0.00300247
0.400000 0.030000 0.70379192 -0.00352962
0.500000 0.030000 0.74001062 -0.00371126
0.600000 0.030000 0.70379192 -0.00352962
0.700000 0.030000 0.59868117 -0.00300247
0.800000 0.030000 0.43496733 -0.00218142
0.900000 0.030000 0.22867586 -0.00114684
1.000000 0.030000 0.00000000 -0.00000000
0.000000 0.035000 0.00000000 0.00000000
0.100000 0.035000 0.21748366 -0.00127303
0.200000 0.035000 0.41367851 -0.00242144
0.300000 0.035000 0.56937963 -0.00333283
0.400000 0.035000 0.66934590 -0.00391798
0.500000 0.035000 0.70379192 -0.00411960
0.600000 0.035000 0.66934590 -0.00391798
0.700000 0.035000 0.56937963 -0.00333283
0.800000 0.035000 0.41367851 -0.00242144
0.900000 0.035000 0.21748366 -0.00127303
1.000000 0.035000 0.00000000 -0.00000000
0.000000 0.040000 0.00000000 0.00000000
0.100000 0.040000 0.20683926 -0.00138426
0.200000 0.040000 0.39343165 -0.00263302
0.300000 0.040000 0.54151220 -0.00362404
0.400000 0.040000 0.63658578 -0.00426031
0.500000 0.040000 0.66934590 -0.00447956
0.600000 0.040000 0.63658578 -0.00426031
0.700000 0.040000 0.54151220 -0.00362404
0.800000 0.040000 0.39343165 -0.00263302
0.900000 0.040000 0.20683926 -0.00138426
1.000000 0.040000 0.00000000 -0.00000000
0.000000 0.045000 0.00000000 0.00000000
0.100000 0.045000 0.19671582 -0.00148169
0.200000 0.045000 0.37417573 -0.00281834
0.300000 0.045000 0.51500871 -0.00387912
0.400000 0.045000 0.60542905 -0.00456017
0.500000 0.045000 0.63658578 -0.00479485
0.600000 0.045000 0.60542905 -0.00456017
0.700000 0.045000 0.51500871 -0.00387912
0.800000 0.045000 0.37417573 -0.00281834
0.900000 0.045000 0.19671582 -0.00148169
1.000000 0.045000 0.00000000 -0.00000000
0.000000 0.050000 0.00000000 0.00000000
0.100000 0.050000 0.18708787 -0.00156640
0.200000 0.050000 0.35586227 -0.00297947
0.300000 0.050000 0.48980239 -0.00410089
0.400000 0.050000 0.57579724 -0.00482088
0.500000 0.050000 0.60542905 -0.00506898
0.600000 0.050000 0.57579724 -0.00482088
0.700000 0.050000 0.48980239 -0.00410089
0.800000 0.050000 0.35586227 -0.00297947
0.900000 0.050000 0.18708787 -0.00156640
1.000000 0.050000 0.00000000 -0.00000000
0.000000 0.055000 0.00000000 0.00000000
0.100000 0.055000 0.17793113 -0.00163939
0.200000 0.055000 0.33844513 -0.00311831
0.300000 0.055000 0.46582975 -0.00429198
0.400000 0.055000 0.54761572 -0.00504553
0.500000 0.055000 0.57579724 -0.00530518
0.600000 0.055000 0.54761572 -0.00504553
0.700000 0.055000 0.46582975 -0.00429198
0.800000 0.055000 0.33844513 -0.00311831
0.900000 0.055000 0.17793113 -0.00163939
1.000000 0.055000 0.00000000 -0.00000000
0.000000 0.060000 0.00000000 0.00000000
0.100000 0.060000 0.16922256 -0.00170161
0.200000 0.060000 0.32188044 -0.00323665
0.300000 0.060000 0.44303042 -0.00445486
0.400000 0.060000 0.52081350 -0.00523701
0.500000 0.060000 0.54761572 -0.00550651
0.600000 0.060000 0.52081350 -0.00523701
0.700000 0.060000 0.44303042 -0.00445486
0.800000 0.060000 0.32188044 -0.00323665
0.900000 0.060000 0.16922256 -0.00170161
1.000000 0.060000 0.00000000 -0.00000000
0.000000 0.065000 0.00000000 0.00000000
0.100000 0.065000 0.16094022 -0.00175392
0.200000 0.065000 0.30612649 -0.00333615
0.300000 0.065000 0.42134697 -0.00459181
0.400000 0.065000 0.49532307 -0.00539800
0.500000 0.065000 0.52081350 -0.00567579
0.600000 0.065000 0.49532307 -0.00539800
0.700000 0.065000 0.42134697 -0.00459181
0.800000 0.065000 0.30612649 -0.00333615
0.900000 0.065000 0.16094022 -0.00175392
1.000000 0.065000 0.00000000 -0.00000000
0.000000 0.070000 0.00000000 0.00000000
0.100000 0.070000 0.15306325 -0.00179714
0.200000 0.070000 0.29114360 -0.00341836
0.300000 0.070000 0.40072478 -0.00470497
0.400000 0.070000 0.47108024 -0.00553102
0.500000 0.070000 0.49532307 -0.00581566
0.600000 0.070000 0.47108024 -0.00553102
0.700000 0.070000 0.40072478 -0.00470497
0.800000 0.070000 0.29114360 -0.00341836
0.900000 0.070000 0.15306325 -0.00179714
1.000000 0.070000 0.00000000 -0.00000000
0.000000 0.075000 0.00000000 0.00000000
0.100000 0.075000 0.14557180 -0.00183203
0.200000 0.075000 0.27689401 -0.00348473
0.300000 0.075000 0.38111192 -0.00479631
0.400000 0.075000 0.44802393 -0.00563840
0.500000 0.075000 0.47108024 -0.00592857
0.600000 0.075000 0.44802393 -0.00563840
0.700000 0.075000 0.38111192 -0.00479631
0.800000 0.075000 0.27689401 -0.00348473
0.900000 0.075000 0.14557180 -0.00183203
1.000000 0.075000 0.00000000 -0.00000000
0.000000 0.080000 0.00000000 0.00000000
0.100000 0.080000 0.13844701 -0.00185930
0.200000 0.080000 0.26334186 -0.00353659
0.300000 0.080000 0.36245897 -0.00486770
0.400000 0.080000 0.42609608 -0.00572233
0.500000 0.080000 0.44802393 -0.00601681
0.600000 0.080000 0.42609608 -0.00572233
0.700000 0.080000 0.36245897 -0.00486770
0.800000 0.080000 0.26334186 -0.00353659
0.900000 0.080000 0.13844701 -0.00185930
1.000000 0.080000 0.00000000 -0.00000000
0.000000 0.085000 0.00000000 0.00000000
0.100000 0.085000 0.13167093 -0.00187960
0.200000 0.085000 0.25045299 -0.00357521
0.300000 0.085000 0.34471897 -0.00492086
0.400000 0.085000 0.40524145 -0.00578481
0.500000 0.085000 0.42609608 -0.00608251
0.600000 0.085000 0.40524145 -0.00578481
0.700000 0.085000 0.34471897 -0.00492086
0.800000 0.085000 0.25045299 -0.00357521
0.900000 0.085000 0.13167093 -0.00187960
1.000000 0.085000 0.00000000 -0.00000000
0.000000 0.090000 0.00000000 0.00000000
0.100000 0.090000 0.12522649 -0.00189355
0.200000 0.090000 0.23819495 -0.00360175
0.300000 0.090000 0.32784722 -0.00495738
0.400000 0.090000 0.38540752 -0.00582775
0.500000 0.090000 0.40524145 -0.00612766
0.600000 0.090000 0.38540752 -0.00582775
0.700000 0.090000 0.32784722 -0.00495738
0.800000 0.090000 0.23819495 -0.00360175
0.900000 0.090000 0.12522649 -0.00189355
1.000000 0.090000 0.00000000 -0.00000000
0.000000 0.095000 0.00000000 0.00000000
0.100000 0.095000 0.11909747 -0.00190172
0.200000 0.095000 0.22653686 -0.00361728
0.300000 0.095000 0.31180123 -0.00497876
0.400000 0.095000 0.36654433 -0.00585288
0.500000 0.095000 0.38540752 -0.00615408
0.600000 0.095000 0.36654433 -0.00585288
0.700000 0.095000 0.31180123 -0.00497876
0.800000 0.095000 0.22653686 -0.00361728
0.900000 0.095000 0.11909747 -0.00190172
1.000000 0.095000 0.00000000 -0.00000000
0.000000 0.100000 0.00000000 0.00000000
0.100000 0.100000 0.11326843 -0.00190463
0.200000 0.100000 0.21544935 -0.00362282
0.300000 0.100000 0.29654060 -0.00498638
0.400000 0.100000 0.34860438 -0.00586184
0.500000 0.100000 0.36654433 -0.00616350
0.600000 0.100000 0.34860438 -0.00586184
0.700000 0.100000 0.29654060 -0.00498638
0.800000 0.100000 0.21544935 -0.00362282
0.900000 0.100000 0.11326843 -0.00190463
1.000000 0.100000 0.00000000 -0.00000000
0.000000 0.105000 0.00000000 0.00000000
0.100000 0.105000 0.10772468 -0.00190277
0.200000 0.105000 0.20490451 -0.00361929
0.300000 0.105000 0.28202687 -0.00498153
0.400000 0.105000 0.33154246 -0.00585614
0.500000 0.105000 0.34860438 -0.00615751
0.600000 0.105000 0.33154246 -0.00585614
0.700000 0.105000 0.28202687 -0.00498153
0.800000 0.105000 0.20490451 -0.00361929
0.900000 0.105000 0.10772468 -0.00190277
1.000000 0.105000 0.00000000 -0.00000000
0.000000 0.110000 0.00000000 0.00000000
0.100000 0.110000 0.10245226 -0.00189661
0.200000 0.110000 0.19487577 -0.00360757
0.300000 0.110000 0.26822349 -0.00496540
0.400000 0.110000 0.31531562 -0.00583717
0.500000 0.110000 0.33154246 -0.00613757
0.600000 0.110000 0.31531562 -0.00583717
0.700000 0.110000 0.26822349 -0.00496540
0.800000 0.110000 0.19487577 -0.00360757
0.900000 0.110000 0.10245226 -0.00189661
1.000000 0.110000 0.00000000 -0.00000000
0.000000 0.115000 0.00000000 0.00000000
0.100000 0.115000 0.09743789 -0.00188656
0.200000 0.115000 0.18533787 -0.00358846
0.300000 0.115000 0.25509570 -0.00493909
0.400000 0.115000 0.29988298 -0.00580625
0.500000 0.115000 0.31531562 -0.00610505
0.600000 0.115000 0.29988298 -0.00580625
0.700000 0.115000 0.25509570 -0.00493909
0.800000 0.115000 0.18533787 -0.00358846
0.900000 0.115000 0.09743789 -0.00188656
1.000000 0.115000 0.00000000 -0.00000000
0.000000 0.120000 0.00000000 0.00000000
0.100000 0.120000 0.09266894 -0.00187302
0.200000 0.120000 0.17626679 -0.00356270
0.300000 0.120000 0.24261042 -0.00490364
0.400000 0.120000 0.28520566 -0.00576457
0.500000 0.120000 0.29988298 -0.00606123
0.600000 0.120000 0.28520566 -0.00576457
0.700000 0.120000 0.24261042 -0.00490364
0.800000 0.120000 0.17626679 -0.00356270
0.900000 0.120000 0.09266894 -0.00187302
1.000000 0.120000 0.00000000 -0.00000000
0.000000 0.125000 0.00000000 0.00000000
0.100000 0.125000 0.08813340 -0.00185635
0.200000 0.125000 0.16763968 -0.00353099
0.300000 0.125000 0.23073623 -0.00485999
0.400000 0.125000 0.27124670 -0.00571326
0.500000 0.125000 0.28520566 -0.00600727
0.600000 0.125000 0.27124670 -0.00571326
0.700000 0.125000 0.23073623 -0.00485999
0.800000 0.125000 0.16763968 -0.00353099
0.900000 0.125000 0.08813340 -0.00185635
1.000000 0.125000 0.00000000 -0.00000000
0.000000 0.130000 0.00000000 0.00000000
0.100000 0.130000 0.08381984 -0.00183688
0.200000 0.130000 0.15943481 -0.00349396
0.300000 0.130000 0.21944319 -0.00480902
0.400000 0.130000 0.25797094 -0.00565334
0.500000 0.130000 0.27124670 -0.00594427
0.600000 0.130000 0.25797094 -0.00565334
0.700000 0.130000 0.21944319 -0.00480902
0.800000 0.130000 0.15943481 -0.00349396
0.900000 0.130000 0.08381984 -0.00183688
1.000000 0.130000 0.00000000 -0.00000000
0.000000 0.135000 0.00000000 0.00000000
0.100000 0.135000 0.07971741 -0.00181493
0.200000 0.135000 0.15163152 -0.00345220
0.300000 0.135000 0.20870288 -0.00475155
0.400000 0.135000 0.24534495 -0.00558578
0.500000 0.135000 0.25797094 -0.00587323
0.600000 0.135000 0.24534495 -0.00558578
0.700000 0.135000 0.20870288 -0.00475155
0.800000 0.135000 0.15163152 -0.00345220
0.900000 0.135000 0.07971741 -0.00181493
1.000000 0.135000 0.00000000 -0.00000000
0.000000 0.140000 0.00000000 0.00000000
0.100000 0.140000 0.07581576 -0.00179078
0.200000 0.140000 0.14421014 -0.00340626
0.300000 0.140000 0.19848823 -0.00468832
0.400000 0.140000 0.23333691 -0.00551145
0.500000 0.140000 0.24534495 -0.00579508
0.600000 0.140000 0.23333691 -0.00551145
0.700000 0.140000 0.19848823 -0.00468832
0.800000 0.140000 0.14421014 -0.00340626
0.900000 0.140000 0.07581576 -0.00179078
1.000000 0.140000 0.00000000 -0.00000000
0.000000 0.145000 0.00000000 0.00000000
0.100000 0.145000 0.07210507 -0.00176470
0.200000 0.145000 0.13715199 -0.00335665
0.300000 0.145000 0.18877352 -0.00462004
0.400000 0.145000 0.22191659 -0.00543118
0.500000 0.145000 0.23333691 -0.00571068
0.600000 0.145000 0.22191659 -0.00543118
0.700000 0.145000 0.18877352 -0.00462004
0.800000 0.145000 0.13715199 -0.00335665
0.900000 0.145000 0.07210507 -0.00176470
1.000000 0.145000 0.00000000 -0.00000000
0.000000 0.150000 0.00000000 0.00000000
0.100000 0.150000 0.06857600 -0.00173693
0.200000 0.150000 0.13043930 -0.00330383
0.300000 0.150000 0.17953429 -0.00454733
0.400000 0.150000 0.21105522 -0.00534571
0.500000 0.150000 0.22191659 -0.00562081
0.600000 0.150000 0.21105522 -0.00534571
0.700000 0.150000 0.17953429 -0.00454733
0.800000 0.150000 0.13043930 -0.00330383
0.900000 0.150000 0.06857600 -0.00173693
1.000000 0.150000 0.00000000 -0.00000000
0.000000 0.155000 0.00000000 0.00000000
0.100000 0.155000 0.06521965 -0.00170769
0.200000 0.155000 0.12405514 -0.00324823
0.300000 0.155000 0.17074726 -0.00447080
0.400000 0.155000 0.20072544 -0.00525574
0.500000 0.155000 0.21105522 -0.00552621
0.600000 0.155000 0.20072544 -0.00525574
0.700000 0.155000 0.17074726 -0.00447080
0.800000 0.155000 0.12405514 -0.00324823
0.900000 0.155000 0.06521965 -0.00170769
1.000000 0.155000 0.00000000 -0.00000000
0.000000 0.160000 0.00000000 0.00000000
0.100000 0.160000 0.06202757 -0.00167721
0.200000 0.160000 0.11798345 -0.00319024
0.300000 0.160000 0.16239029 -0.00439098
0.400000 0.160000 0.19090124 -0.00516191
0.500000 0.160000 0.20072544 -0.00542755
0.600000 0.160000 0.19090124 -0.00516191
0.700000 0.160000 0.16239029 -0.00439098
0.800000 0.160000 0.11798345 -0.00319024
0.900000 0.160000 0.06202757 -0.00167721
1.000000 0.160000 0.00000000 -0.00000000
0.000000 0.165000 0.00000000 0.00000000
0.100000 0.165000 0.05899173 -0.00164565
0.200000 0.165000 0.11220893 -0.00313022
0.300000 0.165000 0.15444235 -0.00430838
0.400000 0.165000 0.18155787 -0.00506480
0.500000 0.165000 0.19090124 -0.00532545
0.600000 0.165000 0.18155787 -0.00506480
0.700000 0.165000 0.15444235 -0.00430838
0.800000 0.165000 0.11220893 -0.00313022
0.900000 0.165000 0.05899173 -0.00164565
1.000000 0.165000 0.00000000 -0.00000000
0.000000 0.170000 0.00000000 0.00000000
0.100000 0.170000 0.05610447 -0.00161321
0.200000 0.170000 0.10671704 -0.00306851
0.300000 0.170000 0.14688340 -0.00422345
0.400000 0.170000 0.17267179 -0.00496496
0.500000 0.170000 0.18155787 -0.00522047
0.600000 0.170000 0.17267179 -0.00496496
0.700000 0.170000 0.14688340 -0.00422345
0.800000 0.170000 0.10671704 -0.00306851
0.900000 0.170000 0.05610447 -0.00161321
1.000000 0.170000 0.00000000 -0.00000000
0.000000 0.175000 0.00000000 0.00000000
0.100000 0.175000 0.05335852 -0.00158004
0.200000 0.175000 0.10149393 -0.00300542
0.300000 0.175000 0.13969441 -0.00413661
0.400000 0.175000 0.16422063 -0.00486288
0.500000 0.175000 0.17267179 -0.00511313
0.600000 0.175000 0.16422063 -0.00486288
0.700000 0.175000 0.13969441 -0.00413661
0.800000 0.175000 0.10149393 -0.00300542
0.900000 0.175000 0.05335852 -0.00158004
1.000000 0.175000 0.00000000 -0.00000000
0.000000 0.180000 0.00000000 0.00000000
0.100000 0.180000 0.05074697 -0.00154629
0.200000 0.180000 0.09652647 -0.00294122
0.300000 0.180000 0.13285728 -0.00404825
0.400000 0.180000 0.15618310 -0.00475900
0.500000 0.180000 0.16422063 -0.00500391
0.600000 0.180000 0.15618310 -0.00475900
0.700000 0.180000 0.13285728 -0.00404825
0.800000 0.180000 0.09652647 -0.00294122
0.900000 0.180000 0.05074697 -0.00154629
1.000000 0.180000 0.00000000 -0.00000000
0.000000 0.185000 0.00000000 0.00000000
0.100000 0.185000 0.04826323 -0.00151210
0.200000 0.185000 0.09180212 -0.00287618
0.300000 0.185000 0.12635478 -0.00395872
0.400000 0.185000 0.14853896 -0.00465375
0.500000 0.185000 0.15618310 -0.00489325
0.600000 0.185000 0.14853896 -0.00465375
0.700000 0.185000 0.12635478 -0.00395872
0.800000 0.185000 0.09180212 -0.00287618
0.900000 0.185000 0.04826323 -0.00151210
1.000000 0.185000 0.00000000 -0.00000000
0.000000 0.190000 0.00000000 0.00000000
0.100000 0.190000 0.04590106 -0.00147758
0.200000 0.190000 0.08730901 -0.00281052
0.300000 0.190000 0.12017054 -0.00386834
0.400000 0.190000 0.14126894 -0.00454751
0.500000 0.190000 0.14853896 -0.00478153
0.600000 0.190000 0.14126894 -0.00454751
0.700000 0.190000 0.12017054 -0.00386834
0.800000 0.190000 0.08730901 -0.00281052
0.900000 0.190000 0.04590106 -0.00147758
1.000000 0.190000 0.00000000 -0.00000000
0.000000 0.195000 0.00000000 0.00000000
0.100000 0.195000 0.04365450 -0.00144284
0.200000 0.195000 0.08303580 -0.00274445
0.300000 0.195000 0.11428898 -0.00377741
0.400000 0.195000 0.13435475 -0.00444061
0.500000 0.195000 0.14126894 -0.00466914
0.600000 0.195000 0.13435475 -0.00444061
0.700000 0.195000 0.11428898 -0.00377741
0.800000 0.195000 0.08303580 -0.00274445
0.900000 0.195000 0.04365450 -0.00144284
1.000000 0.195000 0.00000000 -0.00000000
0.000000 0.200000 0.00000000 0.00000000
0.100000 0.200000 0.04151790 -0.00140800
0.200000 0.200000 0.07897174 -0.00267818
0.300000 0.200000 0.10869528 -0.00368619
0.400000 0.200000 0.12777896 -0.00433338
0.500000 0.200000 0.13435475 -0.00455638
0.600000 0.200000 0.12777896 -0.00433338
0.700000 0.200000 0.10869528 -0.00368619
0.800000 0.200000 0.07897174 -0.00267818
0.900000 0.200000 0.04151790 -0.00140800
1.000000 0.200000 0.00000000 -0.00000000
